8915
604
7832
970
1840
2113
3007
10365
79707
4853
23013
55754
7128
7128
7319
8289
596
4261
1387
2033
2146
3394
8085
100271849
5966
9294
9294
8651
6778
8764
8764
694
7832
7832
965
965
974
1029
1029
2120
2120
2120
2296
2296
9380
9380
3105
3106
3662
3662
57565
219972
4615
114884
5292
11040
639
639
23067
6689
79718
9760
9760
3399
3399
4851
60
71
598
9308
9308
1654
1844
1844
8291
26098
1974
3009
8347
3707
3726
8720
10025
4792
5294
5591
7916
23215
23180
9632
6446
8651
8651
6774
6903
54790
7465
677
101
374860
374860
57719
353
1820
715
22866
2272
3490
26173
26173
107986596
4289
25945
25945
26245
133015
63977
63977
6263
64218
64218
1992
23161
55714
80757
10188
10188
7157
7157
7157
79818
152687
